205
355
449
244
177
2
472
270
373
207
209
388
301
200
203
215
329
194
117
351
347
130
38
409
430
411
397
413
218
110
483
92
25
136
223
9
400
396
338
187
126
380
273
8
252
360
384
255
184
494
467
34
178
232
287
419
115
266
283
426
150
63
246
155
497
66
7
433
116
312
217
77
261
89
456
284
484
179
166
356
362
398
424
138
85
169
304
62
72
334
145
372
460
368
118
302
175
198
39
114
442
344
67
382
163
336
412
108
94
1
127
109
55
495
330
406
438
289
168
357
493
401
137
485
418
265
459
364
197
348
415
54
147
269
405
17
29
445
254
140
462
81
267
353
50
450
40
161
422
112
453
324
240
189
393
303
314
95
213
342
416
276
238
260
315
18
340
490
446
381
311
464
323
346
228
322
56
33
48
20
162
87
68
441
47
80
206
222
463
316
91
142
499
332
52
156
487
12
461
465
146
423
297
399
119
248
278
31
435
482
191
352
455
307
327
498
103
319
16
417
74
88
93
210
90
134
310
21
403
427
107
208
128
466
44
321
58
32
298
402
172
277
363
176
102
272
84
193
42
159
242
251
293
124
264
69
160
164
212
122
181
28
79
281
392
180
235
359
291
294
407
448
15
492
481
376
185
37
149
263
154
5
229
452
262
196
339
233
366
199
447
387
379
385
59
480
377
49
300
188
148
454
97
335
10
333
320
375
6
171
192
153
195
141
60
365
432
306
83
73
473
53
326
358
408
431
271
420
132
451
123
152
305
285
268
131
36
349
486
299
282
86
143
230
404
369
476
30
125
113
75
275
389
158
425
3
325
190
24
224
296
370
443
386
374
157
341
280
186
204
170
46
457
226
468
101
491
211
225
96
82
64
249
477
234
437
421
383
496
106
371
414
99
111
245
70
471
350
361
51
258
367
250
27
151
216
337
395
257
219
470
331
434
313
35
475
45
41
440
343
202
144
182
439
214
78
290
135
76
286
318
22
478
13
308
43
165
345
458
120
167
429
133
26
104
292
241
295
394
98
256
129
65
221
243
247
354
4
139
390
436
253
489
488
428
174
328
100
391
279
259
201
444
14
61
57
410
288
11
309
71
474
23
469
121
227
220
479
236
237
0
231
183
239
173
19
274
378
105
317
