==94340== Memcheck, a memory error detector
==94340== Copyright (C) 2002-2017, and GNU GPL'd, by Julian Seward et al.
==94340== Using Valgrind-3.18.1 and LibVEX; rerun with -h for copyright info
==94340== Command: ./push_swap 680 -1330 -1011 1909 -1506 -1141 -1682 637 -953 -150 590 1231 -1585 -1619 -337 -1360 -577 1509 -1133 -589 -20 1212 85 -219 726 200 -389 857 526 86 -120 -1687 1222 1153 -1019 328 287 -1468 1830 1257 1976 375 -485 698 1032 -761 1162 888 -828 716 442 185 219 502 -1297 -511 -1277 1338 -720 532 106 286 -304 623 1550 66 -432 620 663 -1554 1724 -1365 925 1341 1386 1561 -1135 1578 768 158 1920 1845 111 1597 -1864 404 1086 1017 493 1190 -1113 -1692 -363 1902 1505 -1685 -896 -952 1115 865 -1559 1426 1002 457 522 1922 833 -369 -308 1037 -1328 -1193 544 1661 1095 -1517 -1283 -1868 1680 -518 -1829 764 1186 957 849 596 177 -1398 681 -430 1149 1856 -1405 1069 -669 1501 -345 -977 -673 1152 1120 -871 918 -35 650 -1848 -734 1884 -665 -604 -470 1893 846 -1654 1592 -819 634 1225 1791 -1887 242 1192 1384 -1325 -438 -540 -1236 1471 617 1131 703 883 1916 -1287 -1155 1644 -1572 292 1942 170 -115 -754 -1763 1311 1836 -1944 268 1908 -1004 1807 -1080 -1246 -1232 101 -260 1 -1784 -490 -166 32 -60 1121 -750 13 1839 1608 1690 1846 770 1040 646 997 1978 -433 -213 387 695 -1442 1818 619 1668 1940 -1403 -1060 1629 -1371 1555 -880 1433 -895 1691 396 1367 -831 253 1205 -233 -1425 1151 -1181 737 -1544 1423 433 1429 1622 -1226 -1601 43 338 921 1699 -1805 -968 -701 1637 -1975 -744 1697 1274 1817 252 -1796 403 -297 1463 -352 1324 -1385 -361 616 1883 -1611 -1562 1168 -1817 150 658 -412 886 210 1844 -1050 -1271 -1174 1301 -257 -941 -884 1329 -658 924 -1623 1841 -1588 1896 1072 -358 1255 -1274 1486 -318 1543 518 1223 -1205 -1820 -738 19 117 -1151 1531 537 -1114 1307 128 -512 -1514 1204 -995 -238 -769 1262 1067 -1351 1215 -779 -1029 169 1663 -1632 1715 269 -411 1070 530 329 -746 928 -468 678 -925 1804 -341 1653 -805 844 -232 -1482 -981 -1762 -92 1523 -558 -1720 -609 1733 841 -910 1123 967 642 114 -1580 0 -1341 -415 -632 -456 372 314 1910 -1001 -103 1611 -704 802 1082 1788 -852 -88 1679 1445 350 -1874 391 611 573 -1175 1923 -1769 641 976 552 -1995 -591 -892 1748 -1317 -782 212 994 1109 1474 -965 -740 -882 1176 1854 912 668 -1348 1713 -934 1847 1998 -1931 -545 -28 605 -1185 1473 -165 -846 -983 424 -496 1521 -1856 1100 16 1919 1746 -295 -266 -1458 -613 -1200 1962 -1384 -774 1583 410 -629 676 -650 -1495 1477 -1444 1453 1945 -1125 -559 -444 -818 939 -1372 421 -1948 -1939 -1362 444 37 384 -1162 1266 58 710 1567 -872 1007 -365 499 -1892 -24 -1130 -502 -119 900 -1367 -1721 -225 -619 -893 -988 1045 -105 77 472 -1082 -1693 -987 1639 1134 -1927 722 183 773 -210 1964
==94340== 
==94340== 
==94340== HEAP SUMMARY:
==94340==     in use at exit: 0 bytes in 0 blocks
==94340==   total heap usage: 500 allocs, 500 frees, 12,000 bytes allocated
==94340== 
==94340== All heap blocks were freed -- no leaks are possible
==94340== 
==94340== For lists of detected and suppressed errors, rerun with: -s
==94340== ERROR SUMMARY: 0 errors from 0 contexts (suppressed: 0 from 0)
